200       01     02    03    04    05    06    07
          08     09   10   11   12   13   14
          15   16   17   18   19   20   21
          22   23   24   25   26   27   28
          0   0   0   0    0    0     0

300       0     01	 02	  03	   04	 05	  06
          07  	08	09	 10	  11	12	 13
          14   15	16	 17	  18	19	 20
          21   22	23	 24	  25	26	 27
          28   0	0	 0   0     0    0
          0 0 0 0 0 0 0 
 
400       0 0     01	02	03	04	05
          06	   07	08	09	10	11	12
          13   	14	15	16	17	18	19
          20   	21	22	23	24	25	26
          27   	28	0	0	0   0   0
          0 0 0 0 0 0 0

 500       0 0 0      01	02	03	04
          05	     06	07	08	09	10	11
          12	13	14	15	16	17	18
          19	20	21	22	23	24	25
          26	27	28	0	0	0  0
          0 0 0 0 0 0 0 

600       0      0  0   0    01	02	03
          04	     05	06	07	08	09	10
          11   	12	13	14	15	16	17
          18   	19	20	21	22	23	24
          25   	26	27	28	0	0  0 
          0 0 0 0 0 0 0
1000       0  0  0  0  0    01	02
          03	     04	05	06	07	08	09
          10   	11	12	13	14	15	16
          17   	18	19	20	21	22	23
          24   	25	26	27	28	0	0            
          0    0   0   0   0   0   0 
        
100        0   0   0   0   0   0   01
          02	     03	 04	 05	 06	 07	08
          9	    10	11	12	13	14	15
          16   	17	18	19	20	21	22
          23   	24	25	26	27	28	0
          0   	0	0 	0 	0 	0 	 0         
          